325
645
325
646
326
645
325
644
325
643
323
642
312
636
312
635
312
636
313
634
314
639
316
642
320
639
322
640
322
642
316
639
315
638
314
636
311
636
313
634
314
636
313
633
316
632
305
625
294
623
276
609
253
593
237
577
232
578
236
578
243
581
249
589
259
600
271
614
274
617
274
619
271
617
267
616
266
613
265
609
261
601
254
598
231
563
218
510
187
482
164
469
161
474
162
483
169
497
170
510
170
516
176
524
179
523
182
518
179
513
170
485
162
450
149
414
141
397
145
394
153
406
158
419
161
432
147
438
151
434
152
429
152
414
159
392
169
335
185
286
197
251
216
220
236
227
242
250
237
272
238
275
219
293
204
302
188
302
191
285
201
271
205
241
220
200
249
174
274
171
287
163
295
173
300
170
328
140
372
120
424
109
452
106
470
130
472
133
443
136
409
135
393
126
382
104
373
92
385
87
415
84
440
86
469
94
508
100
550
97
581
103
587
110
572
108
545
103
520
94
512
76
517
75
519
69
528
62
535
57
554
47
588
60
592
60
592
72
589
86
584
88
585
71
598
63
608
62
618
69
625
87
642
95
643
97
622
92
615
84
622
75
626
63
626
64
635
70
642
81
651
81
659
90
656
93
654
96
650
105
655
106
665
104
670
104
670
100
667
98
667
94
667
96
669
96
669
96
670
95
671
94
671
97
669
95
668
96
670
96
669
96
673
98
675
95
675
94
675
97
674
97
671
101
671
101
672
103
675
102
678
104
677
109
676
117
675
114
672
116
670
118
673
116
671
119
670
121
670
122
670
124
670
123
669
127
671
123
672
126
671
125
671
126
670
122
669
122
667
127
667
130
666
129
665
131
662
130
660
134
660
135
658
138
659
136
656
136
657
136
657
136
657
136
657
136
658
138
657
138
657
139
655
137
657
139
659
136
659
138
665
136
664
136
662
138
662
133
661
131
662
131
659
129
659
128
659
131
659
130
660
133
660
136
658
128
655
131
653
127
652
119
655
110
657
105
658
101
664
97
662
98
660
98
657
95
653
93
651
90
646
81
644
77
641
74
637
68
641
53
629
48
599
38
576
17
543
5
493
-1
472
-11
412
-20
352
-14
327
4
286
4
256
7
241
14
249
23
239
28
230
30
229
32
210
48
197
78
189
102
185
129
178
152
170
177
170
197
162
213
159
240
145
263
142
277
141
295
134
310
135
321
132
345
134
351
139
375
136
407
139
418
136
430
126
459
129
468
122
488
125
496
126
512
124
536
125
530
129
533
128
525
125
525
122
524
124
525
114
521
110
522
111
524
113
523
105
525
102
526
98
524
96
527
91
541
77
559
67
580
65
584
64
606
65
608
65
607
66
615
73
608
71
604
70
598
77
590
78
595
77
596
76
603
86
600
86
603
93
601
104
597
107
597
110
597
118
596
116
597
117
584
122
570
121
563
122
551
121
541
118
531
114
528
128
535
139
538
157
552
165
564
173
568
173
573
180
584
180
594
186
602
198
619
205
626
204
621
205
620
204
629
207
627
204
626
210
629
215
634
214
626
213
622
214
617
216
614
217
612
221
623
234
627
246
649
245
645
244
644
245
641
246
643
240
637
230
632
229
633
233
639
214
632
207
628
213
633
229
642
240
643
254
652
284
673
281
674
278
674
273
669
265
660
261
655
260
653
264
657
262
652
254
652
259
651
264
652
277
661
286
683
291
687
292
680
275
670
267
666
266
663
264
656
262
655
276
662
277
664
284
672
286
681
287
691
291
696
293
694
293
686
289
680
277
677
275
673
277
672
278
671
276
672
273
671
274
672
288
674
291
680
286
695
284
704
287
705
282
705
274
704
272
696
287
697
292
697
305
694
310
689
317
686
323
686
309
699
304
699
299
702
288
690
274
687
275
680
276
679
273
684
271
683
268
685
258
681
236
675
211
670
204
665
206
664
210
660
213
654
211
650
214
643
217
640
218
642
212
645
204
651
181
650
174
642
175
638
179
638
184
637
188
642
